-6.481328805221615863e-02 -7.917147403416890938e-02 2.139659713517907957e-02 2.982919704893863266e-02 5.392010147683271026e-02 1.600665990476332623e-02 -4.826781598332870182e-02 6.689612957123858283e-02 -1.612581936719628684e-02 6.454958708012112356e-02 3.114746575252475003e-02 -6.372800742613111968e-02 -2.848688351096717586e-02 -8.423249357167904294e-02 1.951732130855336755e-02 -7.711161518176715135e-02
-2.220937239325515566e-02 -1.712902199092677935e-02 3.338126027862059475e-02 -3.001640179356053484e-02 5.141531388535186542e-02 -6.629953328956023073e-02 1.624659873634608231e-02 -6.738126276157352379e-02 -6.472046408504117387e-02 -7.087929773670459399e-02 9.037446699854687071e-02 6.660530184589674718e-02 -3.728633180031355743e-02 8.061879309979588792e-02 5.503858962674959554e-02 -9.262362629871984110e-02
-7.000670055037808148e-02 2.104595281158139208e-03 -8.916452420086050379e-02 4.065583893715127295e-02 5.798522712756035147e-02 -9.311573955432879413e-02 -6.626417576179506608e-02 -8.176667590877031988e-02 8.371567675249430573e-02 -3.848376772348305330e-02 -5.264606811933234681e-02 1.466268418605087831e-04 -4.986084519407601306e-02 -2.049702025849801934e-02 3.008146485883372856e-02 -8.021179981248238722e-02
9.017270750890063469e-02 -7.605625805889848490e-02 -1.123774489929300902e-02 -5.849980038562546669e-03 4.542786020369909972e-02 3.042089881595974599e-02 5.225830251982988006e-02 -8.487772308075842986e-02 5.888004844147701200e-02 3.578515447230684599e-02 -7.166236660821381776e-02 -1.550317645411170009e-02 -1.552979572361157246e-02 2.371154572510722480e-02 8.060918900063668291e-02 -8.685966571418485271e-03
-6.137412254015146840e-02 7.355363804673858974e-02 -8.048636041214488057e-03 -8.691542884454268869e-02 -8.480523686267134320e-02 8.938841501704866688e-02 -3.737952592789332840e-02 9.945462245878905483e-02 -4.382409949599108678e-02 8.507080712967088343e-02 5.656276275169538903e-02 -6.737147993764833198e-02 8.654790803968118174e-02 -8.523400972859335178e-03 -8.008681856164075186e-02 6.354228896368141477e-02
-4.728639331117383965e-02 -3.631172041077859736e-02 5.106947060019662032e-02 -5.611947946583566854e-02 5.051043632238258474e-02 -5.510981680526463866e-02 -8.231227377559746650e-02 -7.971813378492426105e-03 -4.881647017150945317e-02 9.296848099838828094e-02 7.892588487494556215e-02 8.182180072615616306e-02 -5.242913052726234924e-02 -1.680015795687080093e-02 1.621244059535068005e-02 -7.166013960358069701e-02
8.934571700878002343e-02 -7.834928788703260372e-02 3.539747334209308871e-02 8.109839671158719510e-02 6.433447748187440252e-02 9.591861939565921036e-02 -5.588752857356720644e-02 8.573920614402494311e-02 -7.455939232326164179e-02 5.536944155722886562e-02 6.251680964102443450e-02 -5.049060818087425240e-03 -4.969728429774483008e-02 -5.175169130484773977e-02 -4.814593831866040285e-03 4.624007439147287402e-02
-1.185670135509016287e-02 -1.329247379578638033e-02 2.830792359184480800e-02 7.713256391890924157e-02 1.741332676491161302e-02 2.304414524208761583e-02 -4.572418627623802551e-02 -4.770117055443561654e-02 5.497796185588327278e-02 -8.733223842004574078e-02 -9.169106838687234029e-02 -5.889070066814516835e-02 -4.257028021736693202e-02 -7.411246448243247187e-02 8.337652552886404278e-03 4.026236009877856570e-02
7.813560409993741684e-02 2.562729842245342615e-02 4.524093409006205158e-02 -2.997799324914889041e-02 8.477761024478255858e-02 8.650197384955615743e-02 -1.965999878863608497e-02 3.101645868451843868e-02 2.438851051271709314e-02 -1.794963570053889623e-03 -5.771866104014405224e-02 3.103770176921516466e-02 5.180286093331584740e-02 6.582927526622103787e-02 -7.257991766442624393e-02 -5.394890266807102208e-02
3.471503518205404371e-02 -3.369299681445550587e-02 5.791590154375347854e-02 -4.828605890384232713e-02 -7.324759478112022326e-03 -5.039136197009644325e-03 -4.747122683120399977e-02 3.755182829740502659e-02 4.595585250394557120e-02 -7.748072698997594820e-02 1.643411808107261840e-02 -5.299925763197748524e-02 5.983814711474411130e-02 6.026563244392796337e-02 7.394863521513569959e-02 9.092927418340851498e-02
