1.357480863232522761e-02 1.469126838296422322e-02 4.964263693548340295e-02 8.369977920291118978e-02 -6.957116071227796572e-02 -5.762940280653383596e-03 7.759212340046478529e-03 -3.731806724526443020e-03 -7.876330632724724834e-02 2.341327297714010380e-02 3.511642791167918221e-02 -3.622974574145310100e-02 -1.681821448305617639e-02 -2.300400230129988344e-02 5.377329119807580660e-02 -1.735444507511167689e-02
1.669612258343347588e-02 8.426342469656419865e-02 -1.099323979164706921e-03 -5.694042063951749999e-02 -5.038148004661960333e-02 -5.723624109048284364e-02 -6.834621922285763485e-02 -3.279039139931068381e-02 8.950909460732894840e-02 -6.230906878225583867e-03 -3.362333115131173333e-02 -6.519519542091808950e-02 -6.413599225591640196e-02 7.013916538771033937e-02 -2.031009711120697336e-02 -6.898047369421983488e-02
-9.014428543652314163e-02 -9.087400517912525011e-02 4.773532938946487003e-02 4.716087878427566160e-02 8.340657091565426007e-02 4.992744190280659633e-03 8.576784304451659513e-02 1.981512027387055674e-02 6.897723897986743347e-02 -9.046753049411104808e-02 1.974421335090281726e-02 -9.112879997507195018e-02 1.057999954327912273e-02 -3.669637586763460635e-03 4.727332289970759271e-02 1.198081270631992656e-03
4.283184320501276510e-02 5.039549073283336456e-02 -2.200991563743867618e-02 8.973938129321354373e-02 8.013192675399147258e-02 1.900709801382101383e-02 -5.185071379491743709e-02 7.567894209342204692e-02 3.431286178286058197e-02 2.760083894184703346e-02 -6.553945912043164512e-02 3.110134587992610666e-02 4.882437386494881126e-04 -6.272315658982863251e-02 -1.462050421122232380e-02 1.143630861645250629e-02
-8.312027490586043621e-03 4.197029122367351706e-02 7.037212006810669718e-02 -4.215937294921961315e-02 8.616704101587535636e-02 2.839084880378589526e-02 -2.080190876457607696e-02 -7.950697114889415662e-02 1.829970850851529718e-02 -4.496847638992578639e-02 6.060605906079408189e-02 7.644904009147554524e-02 2.081377198362448222e-02 2.877046104782682301e-02 -4.154161417126789324e-02 -1.435038883950034982e-02
1.675477745435713373e-02 -3.314440822141523357e-04 -3.910261819793279386e-02 1.670780404961873244e-02 -8.598327218989171294e-02 9.686920841642629454e-02 2.000741689517449018e-02 -9.342224344910465827e-02 4.025481725038598801e-02 1.703068979814989503e-02 -4.478131417957094407e-02 -3.748896287445378783e-02 -5.204031376108504692e-02 5.704705839783860699e-02 -7.645098955999292401e-02 4.662744408001337493e-03
-9.524124655993192190e-02 7.431450303087422382e-02 6.551045437596986210e-02 -8.648292958278150366e-02 -4.524713411657874107e-03 -2.359681700214348588e-02 4.211646780371558485e-03 -1.645116433151853907e-02 9.058794669705269587e-02 8.456336801792005420e-02 -7.932094800260083844e-02 8.875945582261501876e-02 2.925478441672957342e-02 -9.716100686603207359e-02 5.463071301389757495e-02 7.686973987262984975e-02
-3.152606524076209671e-02 -3.346932336794727902e-03 7.011218217381665063e-02 7.934488972446973598e-05 6.674677788957192326e-02 6.036807128753071683e-02 -6.875550819776860001e-02 -5.730220321045662729e-02 6.514549141139075461e-02 -3.760169540011779749e-02 3.018842663557921857e-02 5.980612472260687928e-02 7.913219401799601038e-02 6.478508637315941177e-02 9.492969887167812537e-02 7.747497611019424357e-02
1.865977414796334000e-02 -2.568723341363364499e-02 -2.259022467056417960e-02 6.346278787267733978e-02 -9.259751045355793519e-02 -5.223124538592943678e-04 -3.496463978953123775e-02 8.825796732707610892e-02 8.757814165359942282e-02 2.448576488231708759e-02 1.279703758721080498e-02 3.934670781165452991e-02 -1.672344831560164391e-02 -4.681538375645771105e-02 5.758685433823146349e-02 6.226092771876512444e-02
-3.161390813841789826e-02 -2.026621785576221413e-02 4.462994858586477598e-02 5.125970833004411809e-02 1.720523245659963396e-02 9.158994986414689676e-02 6.455672348629834523e-02 -2.805544759919169351e-02 -8.839596055282872289e-02 -9.533231057565105804e-02 -1.110819307261659561e-02 -4.457697194386218975e-02 7.250748941953497062e-02 -4.701006137936896562e-02 -9.801050398795529972e-04 3.315075741425838052e-03
-9.050972766101970934e-02 4.765685707539837890e-03 -5.389080329232062705e-03 -2.528530827014219273e-02 -5.847002352532729152e-02 6.311318533661178232e-02 1.754149424829379300e-02 6.981233020150709456e-02 -8.133185913698665059e-02 -3.651503693945916396e-02 -2.126364666696041461e-02 3.068513691366389629e-02 -3.593545472993449341e-02 -7.746654280297951556e-02 -5.183525748662283494e-02 2.788405638111751683e-02
9.151466418945677916e-02 8.460831975557814300e-02 8.165825367555362702e-03 -2.598356794089017041e-02 -4.687859918923505120e-02 -4.865410456400107858e-02 5.563362763890358775e-02 3.003414922344554983e-02 -9.432242390100083196e-02 5.881999666193818421e-02 -9.632586094619161043e-02 2.671814705100897247e-02 -7.927360584326365034e-02 5.401251555595429354e-02 -2.385449772553685510e-02 -4.305896847112005571e-02
-2.955185084046589583e-02 -9.576627592703448877e-02 -8.210535218291739601e-02 9.602311790030051974e-02 2.311208566160474764e-03 2.658256984009638169e-02 4.829883466666975989e-03 9.231429829581308533e-02 4.193247049137441285e-03 1.718326243054632552e-02 4.073166706324765629e-02 2.187338990738077471e-02 -5.052168922861435818e-02 -9.222972318669041270e-02 9.962831341670960739e-02 2.940375034993691905e-02
8.478098788289048504e-02 3.609523555676300011e-02 3.672747037344148424e-02 -2.300873552135804245e-02 -7.939997021936058552e-02 7.654530960327265987e-02 -1.826729323235365410e-02 2.607712971108547273e-02 -3.719172587560833076e-02 -8.861675151546107021e-02 5.641101168086673501e-02 -1.625922835685071621e-02 2.914628668961855018e-02 -9.776587065890865458e-02 -4.246389052338168935e-02 -9.776680664421258382e-02
4.976223186502767848e-02 -9.437894375311879636e-02 8.275780192618753528e-02 -9.214309388966944458e-02 -7.656070539426927668e-02 9.188927692350312704e-02 -4.561124689592186560e-02 -5.118338318868469877e-02 -7.320453257102646494e-02 7.252142797408156483e-04 9.737924668762518166e-02 -5.538082175276821950e-02 8.170081419565997094e-02 3.016139880919269101e-02 1.506411649814609621e-02 5.223118169551374534e-02
9.589890590725463904e-02 4.546799789058361685e-02 -3.707174956852102299e-02 -1.574335398368878480e-02 -4.377078606790141269e-02 2.157663148803397324e-02 1.338271983993592762e-02 -8.709036136764387870e-02 7.364710243395572453e-02 -5.145361087779243281e-02 -8.401297398721813137e-02 -8.580967538149203433e-02 -6.454409499044713727e-02 -1.843110285611833377e-02 7.268938209734426836e-03 1.902382623983482623e-02
