7.243784588036014660e-02 7.068722820328096623e-02 5.090965102672931342e-02 7.975236738750959842e-02 -1.899627025755781795e-02 -2.558862909795255047e-02 -3.800838765510272665e-02 7.417005899437667527e-02 -8.134614398321769746e-02 -5.652837086413749212e-02 5.192981235568591702e-03 -7.461316438952231289e-03 -8.697750907851714564e-03 9.671085295181860997e-03 6.106273673915885158e-02 -7.058788271319292595e-02
9.975713268882244189e-02 -3.658865179744440199e-02 -3.527559672191801776e-03 -1.388238472762398645e-03 7.625696539914331162e-02 -3.675743987887362951e-02 -9.350258064963362648e-02 -3.761094857335778308e-02 -6.899879259183838709e-02 -9.447374181122487891e-02 -9.363716654530916672e-02 9.766878471033496600e-02 -9.779548164215251527e-03 -4.712477897162765939e-02 6.986073109838450423e-02 8.010681595579391412e-02
8.686683693954794228e-02 3.242897653891529952e-02 -9.565473471596908084e-02 -9.148105009165866108e-02 7.917717081636693743e-02 5.547449845181742778e-02 4.232804651423013875e-02 -2.743391036220761692e-02 -5.750603542292414411e-02 -9.732342259996112910e-03 -2.570194951366995550e-02 -5.386347996261564575e-02 -5.664163961304691242e-02 5.953457127297484552e-02 4.482584821836888000e-02 -5.481654907264926074e-02
-1.783525250916434546e-03 -3.506622408831110149e-02 4.576744775432586843e-02 -5.975529950956126601e-02 2.533953812443784370e-02 4.478347127014037365e-02 -6.726380161965012094e-02 -9.107289959181488759e-02 -6.161761129008656163e-02 9.314328868853222199e-02 5.656509526859559989e-02 8.960190474874407673e-02 5.466791440265156288e-03 -7.825177163552868298e-03 4.671780267563696576e-02 5.855142515075759113e-02
2.370301379974289191e-02 3.690611654771294714e-02 7.199958622080696036e-02 6.217602178016229386e-02 8.761005743141583868e-02 1.592962626479524357e-03 1.931731535283040535e-02 2.939306442766440042e-02 -5.783712327780006490e-02 -4.028583347405345627e-02 8.618701403740031131e-02 -4.630417180583795700e-03 -6.289247105029910356e-02 -5.840126228026052552e-02 6.894109248199473128e-02 -8.841304336852776058e-02
8.589557545253723170e-02 -2.793282923585578559e-02 -5.288055982896813778e-02 -9.143200516589938820e-02 9.780913013634634501e-02 -8.254493854358112281e-02 4.760524066200355620e-02 4.182100067271166122e-02 -6.259139871520397191e-02 -7.041589649944013374e-02 5.526368455703797866e-02 -3.342302462709789701e-02 1.169334078702069513e-02 -1.169200115705693044e-02 1.184747556757866083e-02 9.627846869904868599e-02
9.111336756594570763e-02 -5.934657774369045402e-02 4.368825395810771450e-02 6.612099327192499931e-02 2.518181590605317322e-02 -8.589114784100496114e-02 9.714870046376455903e-02 9.092445448188704593e-02 9.720421187460021040e-02 -1.072904986719833142e-02 -1.331455976969544985e-02 -9.524995259226190503e-03 -6.118889236459101877e-02 -5.550289738861835520e-02 -9.051176629774802807e-02 7.418837568611288957e-02
4.305011266367417266e-02 -9.036278116664675508e-02 1.907884269791822185e-02 -7.561028238571920745e-02 5.302259401072770273e-02 -9.247979764026742489e-02 8.160611753517629796e-02 -8.803419588571870236e-02 3.352188583167031721e-02 -8.360171838308921854e-03 -7.107434721116384635e-02 -3.835150395948772051e-02 9.382159660512098820e-02 5.375772232785427929e-02 9.639308986558822734e-02 8.178726443095316045e-02
-8.112187880419161057e-03 -9.914997923391842549e-02 5.044380077730689638e-02 -6.007362528829059134e-02 9.180199769892954942e-02 -8.941768863636485876e-02 -2.694470323431932823e-02 -3.502770998944841618e-02 -2.006354364527818124e-02 -5.403843084283452974e-02 -3.182251469006174005e-02 3.842172511455393957e-02 6.196681663257835870e-02 -6.830853933804054146e-02 1.271681390687837143e-02 -2.339066533529358949e-02
-7.350372745262770402e-02 -1.261523568740488543e-02 5.789905914705317791e-02 -8.885115765204232297e-02 7.721380916939915573e-02 -8.199998699727983897e-03 -2.070922136580750916e-02 -5.053155961265182183e-03 -8.405777487911676726e-02 -2.877691802158947876e-02 -7.864512108384671962e-02 -2.232475944934766976e-02 -6.665887005258293307e-02 5.744832488362786038e-02 -3.711860455090337796e-03 7.150450882642359063e-02
