-4.693476416830693471e-02 5.100687606046000466e-02 4.427849684452156431e-02 -7.521578397057995802e-02 5.880518926147998426e-02 -1.090813234169558943e-02 -7.867263351620726319e-02 -1.186378882884145392e-02 8.655074243036095516e-02 -8.093918247273793054e-02 -1.793001961050717796e-02 1.365704991522283251e-02 7.843642274664838765e-02 2.136317259397005341e-02 -5.169651711623573370e-02 5.520686456784340557e-02
-6.734612743757224795e-02 8.241625995928542059e-02 8.637972143744676590e-02 2.585482471120137404e-02 9.273526072367629935e-02 7.929994918885191479e-02 8.995650079229763896e-02 -7.380940567262016250e-02 -9.116462395198650370e-02 -4.923766471302237768e-02 4.248071328653202361e-02 -1.355277856980630080e-02 1.068177485494237189e-02 -1.659443349611913754e-02 1.829658070360645761e-03 -6.973251630703168613e-02
6.539798361241039304e-02 1.853745511439239269e-02 -5.269449155422925579e-02 1.494301305660043766e-02 3.040810022128526136e-03 -8.999117085371557967e-02 4.794046848562272256e-02 -9.038763632311977436e-02 -5.490745814276434822e-02 -5.064381709119464281e-03 -8.631782319956371463e-04 -5.498499645004837483e-02 6.970581304191211802e-02 -9.505570332376274412e-02 9.570419187130724259e-03 -2.195657658637088783e-02
7.449491927034262995e-02 -4.301002743040543974e-03 -8.174509112616852591e-02 9.324149629561848118e-02 -2.622601485652605036e-02 6.629694562705254479e-02 -7.309430945621764319e-02 4.243655952538213927e-02 7.530684863337464008e-02 -5.691585488027300216e-02 -4.867946036943868876e-02 -1.940855403956073810e-02 3.495520804582649688e-02 -9.311414082757832333e-02 5.093304758196018356e-02 1.216671232852743756e-02
5.611429844551929502e-02 -7.695844167533404112e-02 -8.331666877611552946e-02 6.314697565758051190e-02 4.509645098811615460e-02 -2.228780318371899327e-02 9.972864005716183811e-02 1.559267128045900563e-02 2.051055508821411633e-02 -9.465146162294056642e-02 6.955954825766225147e-02 2.119600858928498421e-02 -1.060130937379229199e-02 -8.783580708276350624e-02 2.485859197332918047e-02 -5.494905718099818426e-02
9.028032542393990556e-02 -2.962962380428327269e-03 1.708013829568177933e-02 5.924665598793624199e-02 7.088809528413445027e-02 -1.174961762941846566e-02 1.742532756581649522e-02 2.914224348516850083e-02 7.861625090106788560e-02 2.960069407077256520e-02 2.750904953099225780e-02 -7.123722870968372811e-02 7.120450094037000799e-02 -4.403360152264257366e-02 -8.428429468700059102e-02 7.583779937801579663e-02
-3.595976457523890335e-02 -7.185904255185293632e-02 6.659954727715469702e-02 -5.491802701660664088e-04 3.414355293664395052e-02 -2.347572886020596328e-02 -4.615120714579774852e-02 -5.863051520040780951e-02 -1.975727670481559894e-02 9.535805898921284607e-02 -1.249505448931206852e-02 -7.102934776934871630e-02 6.086706252149201579e-02 2.957328331521669185e-02 -4.156150306976461040e-02 -8.394892833138628552e-02
-6.430532375684833157e-02 -5.416510793615716968e-02 2.316161010013903510e-02 -4.095720727103484976e-02 -5.181261427338479386e-02 8.824897930943842450e-02 6.260386970733708423e-02 7.612737000943367582e-02 9.301799457444814845e-02 9.929356396135308183e-02 -3.095435590408290860e-02 -2.547152357108894982e-03 -5.474932444517959657e-02 3.969745096752602675e-03 -3.268280808812265570e-02 3.388669769599397807e-02
5.075418406819492967e-03 -2.166937096190618695e-03 -9.607063653777297985e-02 -6.205217418868531898e-02 3.490209009685246722e-02 -9.852665387658128548e-02 5.709485422223778417e-02 -6.600332217740040308e-02 -4.530326360212431208e-02 -5.151806912758938317e-02 9.771670825316519648e-03 -4.124170450378986108e-02 8.608001438987253340e-02 -3.220655362197000215e-02 7.502355331943388883e-02 5.361659866516910178e-02
-4.427822565431980412e-02 8.264088557979470950e-04 -4.135688549352594529e-02 5.719659386227859965e-02 -4.880497582498186798e-02 6.663847287890026228e-02 3.738653840589817312e-02 -7.790544677222673020e-02 -2.407672173554828432e-02 1.223661368168757480e-02 -8.159645016670685758e-02 9.378808154651527285e-02 -3.783655285668426071e-02 4.417247086767869813e-03 4.107459416450534584e-02 7.474630795138048622e-02
-6.369213118210190205e-02 6.936395204910481005e-02 6.874604205643741750e-02 -8.097008273891592722e-03 6.057068261016776423e-02 -5.835198469626073914e-03 -4.928626090156802697e-02 -5.440369230068049788e-02 7.764909198835936999e-02 6.151261688857101451e-02 7.363028321970960244e-02 -1.302878036207119616e-02 7.891509259672327414e-02 -7.488915196819517783e-03 -1.852509999192961110e-02 -7.344704472988453081e-02
-4.382072092636544319e-02 -3.784835034470135362e-02 6.188769141723524103e-02 6.805747048147881006e-02 -6.709416758268867131e-02 -5.753482630776370066e-02 6.335883576909295822e-02 2.560262882480124347e-03 8.936912483113046424e-02 3.232321453753536633e-02 8.210481282272835690e-02 -4.859064582955150563e-02 4.391842385013755568e-02 -4.527018918348213461e-02 9.895930414099307626e-03 5.487381489101125775e-02
3.216526000370353855e-02 1.052300976696088353e-02 -4.162856833484873675e-02 1.786932053515333241e-02 -9.383009325481389551e-04 -1.714822107150051900e-02 -3.547295131277324043e-02 -9.491628342899170734e-02 -9.342697502278432542e-02 -7.761430374807598565e-02 1.931534339930540689e-02 -6.264630401192700093e-02 3.910452298868619114e-02 -9.550603611063378240e-02 6.343185596654637992e-02 6.226917602188949963e-02
6.735569266558669166e-02 -1.082857441519100017e-02 -1.465598095583856009e-02 3.197418250589165178e-02 7.617392662169147899e-02 -1.372230727541323692e-02 1.665858953312704394e-02 7.171872692060207721e-02 -1.119918985869439165e-02 -2.820433750156303709e-02 2.054084926171122205e-02 -3.195876106241686554e-02 -5.275085933050076975e-02 8.501242026413621811e-02 -6.812162400571183940e-03 -9.964758618506715238e-02
-9.202123047988330917e-02 8.170464799437687775e-02 -7.775286657635270549e-02 -4.143185809247627166e-02 -9.849548383326918455e-02 -9.635293516531312497e-02 2.911561073590529514e-04 -4.052158289884877362e-02 6.266038531317880134e-02 -6.230686350001360396e-02 5.403663760645169289e-02 -6.223534989274886325e-02 -7.241561732182429101e-02 -3.416128122628740715e-02 4.620755593757350232e-02 -8.318739856214951711e-02
-3.859396081664634437e-03 -2.081811893105338374e-02 3.315075275419437917e-02 2.156284806202728166e-02 -5.956249827999078594e-02 -4.105115182516812233e-02 -9.739986116745234790e-02 1.405432313784545084e-02 5.776947794656894786e-02 3.787537580395744508e-02 -2.070218410138538467e-02 -1.506318443741139212e-02 9.852837732828628736e-02 -2.043731620419271533e-02 -5.450892567134327238e-02 3.260612272058427408e-03
