2.691844310385765882e-02 -6.265747659170611827e-02 1.964884819720427722e-02 2.116668618074410424e-02 6.605889100109260670e-02 5.841629101995557405e-02 -6.927508516074137868e-02 5.837491679586212512e-02 -1.348210423712989381e-02 -4.979586649473910498e-02 -3.162156192436997582e-02 9.521039643339021530e-02 -9.390000662108817508e-02 6.476301824394270490e-02 -6.971836846160023304e-02 8.856640665086235042e-02
-1.142842961451706607e-02 9.528796264621708367e-02 2.578428396263873768e-02 -3.072530181104980718e-02 7.413430645265081664e-02 -1.169909805686339399e-02 -7.053006591084043375e-02 -7.652749890445598169e-02 -7.143930562794822969e-02 -5.131355106832820312e-02 -6.477035185631659087e-02 5.771166819888068344e-03 8.448429027605969255e-02 8.650653503916946874e-02 -8.720842874498223318e-02 9.939052101239664871e-02
-6.208964754084707327e-02 -4.789052938686062799e-02 -3.471984463089404505e-02 9.528616541515880223e-02 -2.727357784509332195e-02 9.941851779064922456e-02 9.523627362076442227e-02 9.293537504590063114e-02 -9.022662414578111467e-02 3.061411409987124799e-02 1.230732631406272759e-02 -1.414988322164884016e-03 -9.385223529479239102e-02 9.500841441604809812e-02 6.753805190650249979e-02 -4.290324752011736437e-02
-3.237125834219183040e-02 4.221463154128482498e-02 8.945787823729778321e-02 -2.580819224448711868e-02 -9.543027797218767150e-02 -7.227864417385604368e-02 8.018212879079894551e-02 -3.628159582028693542e-02 -9.941133103018794104e-02 -3.449626801961369615e-03 -3.443812777266767877e-02 -1.012640306696803438e-02 1.344084487344365808e-02 2.094297398248794184e-02 -8.837084341846745961e-02 -5.280806344129860413e-02
-6.649296086265638062e-02 -8.292600878176736856e-03 4.301183509538183958e-02 -7.957420071840887177e-02 9.126942544138536006e-02 7.076975145908906417e-02 4.292817681735797142e-03 -8.829145845987118602e-02 9.842299134770157720e-02 -1.696249042147639219e-02 -2.220811688737980849e-02 -8.127587895334059676e-02 1.826883291299519207e-02 1.870927205393406456e-02 -4.382734079060909838e-03 9.569967116562877463e-02
2.143430941646182197e-02 1.382828080698270123e-02 -8.720184828659605092e-02 7.920710324348520515e-02 -4.311882765099515208e-02 7.275425543317212695e-03 9.207012496309288641e-02 2.562845825950108014e-02 2.096949401733633200e-03 -4.549947469615776147e-02 3.994734290014137490e-03 5.434778545629576074e-02 -5.031425225448898225e-02 -4.255469109176977099e-02 -5.172939491071686796e-02 8.628565462798537533e-02
-3.116509093189123725e-02 -1.411254071535431032e-02 -5.838249673638468140e-03 -4.933175533673912760e-02 -3.724373500491438838e-02 5.671631854222122793e-02 -6.366282348951909920e-03 -5.361733817886582543e-02 -4.394261673435748139e-03 8.812346435675272316e-03 3.427295565091598162e-02 5.393833772593911724e-02 -3.552104064448433074e-03 6.656018508202082851e-02 -7.927212008941253440e-02 -6.905166783428465238e-02
-6.267766608827490815e-02 -5.459613152584100182e-03 -1.364825463022120711e-02 7.101186468615813818e-02 -5.502805923571330027e-02 9.396049337091183506e-02 -8.552332547472990543e-02 3.975948127400563692e-02 5.515713789961901314e-02 8.636748961665421942e-02 1.216238699391800071e-02 -3.380394294579147640e-03 -1.977881152642022022e-02 -2.377106343312371250e-02 -2.452558310055905078e-03 7.456499859936679964e-02
7.045198852045181370e-02 5.030777448343934366e-02 9.174709560988661416e-02 -3.466722458879926971e-02 1.328793918932405504e-02 9.961965640351186368e-02 2.505348758091813233e-02 8.428430238104828165e-02 3.492543561989552847e-02 -5.665534020576277335e-02 -6.534475640908272986e-02 -5.450659441488095447e-02 3.868976552066227814e-02 -6.436590789913623767e-02 6.642875341457429861e-02 2.871697440116349753e-02
9.365637092982867506e-02 -7.791651607991599560e-02 5.720643249048998347e-02 -6.377468211744874438e-02 -3.002293461367587513e-02 -7.952920919303260727e-03 -9.913180994118496459e-02 4.697132526451830437e-02 5.097542498187582205e-02 7.076622127302786835e-02 1.657822818782642149e-02 7.849324700564744295e-02 -4.611895803089902796e-02 -4.777476881336731318e-02 -3.024374736588386625e-02 -7.649890186675850634e-02
